left_patch_size = zeros(18,1);
left_patch_size(1) = 6;
left_patch_size(2) = 7;
left_patch_size(3) = 15;
left_patch_size(4) = 38;
left_patch_size(5) = 19;
left_patch_size(6) = 16;
left_patch_size(7) = 73;
left_patch_size(8) = 79;
left_patch_size(9) = 19;
left_patch_size(10) = 6;
left_patch_size(11) = 61;
left_patch_size(12) = 118;
left_patch_size(13) = 63;
left_patch_size(14) = 19;
left_patch_size(15) = 77;
left_patch_size(16) = 75;
left_patch_size(17) = 19;
left_patch_size(18) = 38;
gnnz_A = zeros([18,18,26]);
gnnz_A(1,1,1) = 35;
gnnz_A(2,2,1) = 48;
gnnz_A(3,3,1) = 225;
gnnz_A(4,4,1) = 1332;
gnnz_A(5,5,1) = 361;
gnnz_A(6,6,1) = 256;
gnnz_A(7,7,1) = 4489;
gnnz_A(8,8,1) = 5157;
gnnz_A(9,9,1) = 361;
gnnz_A(10,10,1) = 36;
gnnz_A(11,11,1) = 3077;
gnnz_A(12,12,1) = 10396;
gnnz_A(13,13,1) = 3301;
gnnz_A(14,14,1) = 361;
gnnz_A(15,15,1) = 4869;
gnnz_A(16,16,1) = 4765;
gnnz_A(17,17,1) = 361;
gnnz_A(18,18,1) = 1332;
gnnz_A(1,1,2) = 6;
gnnz_A(2,2,2) = 7;
gnnz_A(3,3,2) = 15;
gnnz_A(4,4,2) = 38;
gnnz_A(5,5,2) = 19;
gnnz_A(6,6,2) = 16;
gnnz_A(7,7,2) = 73;
gnnz_A(8,8,2) = 79;
gnnz_A(9,9,2) = 19;
gnnz_A(10,10,2) = 6;
gnnz_A(11,11,2) = 61;
gnnz_A(12,12,2) = 118;
gnnz_A(13,13,2) = 63;
gnnz_A(14,14,2) = 19;
gnnz_A(15,15,2) = 77;
gnnz_A(16,16,2) = 75;
gnnz_A(17,17,2) = 19;
gnnz_A(18,18,2) = 38;
gnnz_A(1,4,3) = 136;
gnnz_A(2,5,3) = 84;
gnnz_A(3,7,3) = 450;
gnnz_A(4,8,3) = 1098;
gnnz_A(5,9,3) = 156;
gnnz_A(6,11,3) = 398;
gnnz_A(7,12,3) = 2166;
gnnz_A(8,13,3) = 1380;
gnnz_A(10,14,3) = 78;
gnnz_A(11,15,3) = 1308;
gnnz_A(12,16,3) = 2186;
gnnz_A(14,17,3) = 156;
gnnz_A(15,18,3) = 1046;
gnnz_A(1,3,4) = 55;
gnnz_A(2,4,4) = 161;
gnnz_A(3,6,4) = 110;
gnnz_A(4,7,4) = 1043;
gnnz_A(5,8,4) = 598;
gnnz_A(6,10,4) = 60;
gnnz_A(7,11,4) = 1358;
gnnz_A(8,12,4) = 2314;
gnnz_A(9,13,4) = 502;
gnnz_A(11,14,4) = 476;
gnnz_A(12,15,4) = 2288;
gnnz_A(13,16,4) = 1436;
gnnz_A(15,17,4) = 572;
gnnz_A(16,18,4) = 1095;
gnnz_A(1,4,5) = 136;
gnnz_A(2,5,5) = 84;
gnnz_A(3,7,5) = 450;
gnnz_A(4,8,5) = 1098;
gnnz_A(5,9,5) = 156;
gnnz_A(6,11,5) = 398;
gnnz_A(7,12,5) = 2166;
gnnz_A(8,13,5) = 1380;
gnnz_A(10,14,5) = 78;
gnnz_A(11,15,5) = 1308;
gnnz_A(12,16,5) = 2186;
gnnz_A(14,17,5) = 156;
gnnz_A(15,18,5) = 1046;
gnnz_A(1,3,6) = 55;
gnnz_A(2,4,6) = 161;
gnnz_A(3,6,6) = 110;
gnnz_A(4,7,6) = 1043;
gnnz_A(5,8,6) = 598;
gnnz_A(6,10,6) = 60;
gnnz_A(7,11,6) = 1358;
gnnz_A(8,12,6) = 2314;
gnnz_A(9,13,6) = 502;
gnnz_A(11,14,6) = 476;
gnnz_A(12,15,6) = 2288;
gnnz_A(13,16,6) = 1436;
gnnz_A(15,17,6) = 572;
gnnz_A(16,18,6) = 1095;
gnnz_A(1,4,7) = 136;
gnnz_A(2,5,7) = 84;
gnnz_A(3,7,7) = 450;
gnnz_A(4,8,7) = 1098;
gnnz_A(5,9,7) = 156;
gnnz_A(6,11,7) = 398;
gnnz_A(7,12,7) = 2166;
gnnz_A(8,13,7) = 1380;
gnnz_A(10,14,7) = 78;
gnnz_A(11,15,7) = 1308;
gnnz_A(12,16,7) = 2186;
gnnz_A(14,17,7) = 156;
gnnz_A(15,18,7) = 1046;
gnnz_A(1,3,8) = 55;
gnnz_A(2,4,8) = 161;
gnnz_A(3,6,8) = 110;
gnnz_A(4,7,8) = 1043;
gnnz_A(5,8,8) = 598;
gnnz_A(6,10,8) = 60;
gnnz_A(7,11,8) = 1358;
gnnz_A(8,12,8) = 2314;
gnnz_A(9,13,8) = 502;
gnnz_A(11,14,8) = 476;
gnnz_A(12,15,8) = 2288;
gnnz_A(13,16,8) = 1436;
gnnz_A(15,17,8) = 572;
gnnz_A(16,18,8) = 1095;
gnnz_A(1,4,9) = 136;
gnnz_A(2,5,9) = 84;
gnnz_A(3,7,9) = 450;
gnnz_A(4,8,9) = 1098;
gnnz_A(5,9,9) = 156;
gnnz_A(6,11,9) = 398;
gnnz_A(7,12,9) = 2166;
gnnz_A(8,13,9) = 1380;
gnnz_A(10,14,9) = 78;
gnnz_A(11,15,9) = 1308;
gnnz_A(12,16,9) = 2186;
gnnz_A(14,17,9) = 156;
gnnz_A(15,18,9) = 1046;
gnnz_A(1,3,10) = 55;
gnnz_A(2,4,10) = 161;
gnnz_A(3,6,10) = 110;
gnnz_A(4,7,10) = 1043;
gnnz_A(5,8,10) = 598;
gnnz_A(6,10,10) = 60;
gnnz_A(7,11,10) = 1358;
gnnz_A(8,12,10) = 2314;
gnnz_A(9,13,10) = 502;
gnnz_A(11,14,10) = 476;
gnnz_A(12,15,10) = 2288;
gnnz_A(13,16,10) = 1436;
gnnz_A(15,17,10) = 572;
gnnz_A(16,18,10) = 1095;
gnnz_A(1,4,11) = 6;
gnnz_A(2,5,11) = 6;
gnnz_A(3,7,11) = 15;
gnnz_A(4,8,11) = 32;
gnnz_A(5,9,11) = 13;
gnnz_A(6,11,11) = 16;
gnnz_A(7,12,11) = 58;
gnnz_A(8,13,11) = 47;
gnnz_A(10,14,11) = 6;
gnnz_A(11,15,11) = 45;
gnnz_A(12,16,11) = 60;
gnnz_A(14,17,11) = 13;
gnnz_A(15,18,11) = 32;
gnnz_A(1,3,12) = 5;
gnnz_A(2,4,12) = 7;
gnnz_A(3,6,12) = 10;
gnnz_A(4,7,12) = 31;
gnnz_A(5,8,12) = 19;
gnnz_A(6,10,12) = 6;
gnnz_A(7,11,12) = 42;
gnnz_A(8,12,12) = 60;
gnnz_A(9,13,12) = 19;
gnnz_A(11,14,12) = 19;
gnnz_A(12,15,12) = 58;
gnnz_A(13,16,12) = 44;
gnnz_A(15,17,12) = 19;
gnnz_A(16,18,12) = 31;
gnnz_A(1,4,13) = 6;
gnnz_A(2,5,13) = 6;
gnnz_A(3,7,13) = 15;
gnnz_A(4,8,13) = 32;
gnnz_A(5,9,13) = 13;
gnnz_A(6,11,13) = 16;
gnnz_A(7,12,13) = 58;
gnnz_A(8,13,13) = 47;
gnnz_A(10,14,13) = 6;
gnnz_A(11,15,13) = 45;
gnnz_A(12,16,13) = 60;
gnnz_A(14,17,13) = 13;
gnnz_A(15,18,13) = 32;
gnnz_A(1,3,14) = 5;
gnnz_A(2,4,14) = 7;
gnnz_A(3,6,14) = 10;
gnnz_A(4,7,14) = 31;
gnnz_A(5,8,14) = 19;
gnnz_A(6,10,14) = 6;
gnnz_A(7,11,14) = 42;
gnnz_A(8,12,14) = 60;
gnnz_A(9,13,14) = 19;
gnnz_A(11,14,14) = 19;
gnnz_A(12,15,14) = 58;
gnnz_A(13,16,14) = 44;
gnnz_A(15,17,14) = 19;
gnnz_A(16,18,14) = 31;
gnnz_A(4,1,15) = 136;
gnnz_A(5,2,15) = 84;
gnnz_A(7,3,15) = 450;
gnnz_A(8,4,15) = 1098;
gnnz_A(9,5,15) = 156;
gnnz_A(11,6,15) = 398;
gnnz_A(12,7,15) = 2166;
gnnz_A(13,8,15) = 1380;
gnnz_A(14,10,15) = 78;
gnnz_A(15,11,15) = 1308;
gnnz_A(16,12,15) = 2186;
gnnz_A(17,14,15) = 156;
gnnz_A(18,15,15) = 1046;
gnnz_A(3,1,16) = 55;
gnnz_A(4,2,16) = 161;
gnnz_A(6,3,16) = 110;
gnnz_A(7,4,16) = 1043;
gnnz_A(8,5,16) = 598;
gnnz_A(10,6,16) = 60;
gnnz_A(11,7,16) = 1358;
gnnz_A(12,8,16) = 2314;
gnnz_A(13,9,16) = 502;
gnnz_A(14,11,16) = 476;
gnnz_A(15,12,16) = 2288;
gnnz_A(16,13,16) = 1436;
gnnz_A(17,15,16) = 572;
gnnz_A(18,16,16) = 1095;
gnnz_A(4,1,17) = 136;
gnnz_A(5,2,17) = 84;
gnnz_A(7,3,17) = 450;
gnnz_A(8,4,17) = 1098;
gnnz_A(9,5,17) = 156;
gnnz_A(11,6,17) = 398;
gnnz_A(12,7,17) = 2166;
gnnz_A(13,8,17) = 1380;
gnnz_A(14,10,17) = 78;
gnnz_A(15,11,17) = 1308;
gnnz_A(16,12,17) = 2186;
gnnz_A(17,14,17) = 156;
gnnz_A(18,15,17) = 1046;
gnnz_A(3,1,18) = 55;
gnnz_A(4,2,18) = 161;
gnnz_A(6,3,18) = 110;
gnnz_A(7,4,18) = 1043;
gnnz_A(8,5,18) = 598;
gnnz_A(10,6,18) = 60;
gnnz_A(11,7,18) = 1358;
gnnz_A(12,8,18) = 2314;
gnnz_A(13,9,18) = 502;
gnnz_A(14,11,18) = 476;
gnnz_A(15,12,18) = 2288;
gnnz_A(16,13,18) = 1436;
gnnz_A(17,15,18) = 572;
gnnz_A(18,16,18) = 1095;
gnnz_A(4,1,19) = 6;
gnnz_A(5,2,19) = 6;
gnnz_A(7,3,19) = 15;
gnnz_A(8,4,19) = 32;
gnnz_A(9,5,19) = 13;
gnnz_A(11,6,19) = 16;
gnnz_A(12,7,19) = 58;
gnnz_A(13,8,19) = 47;
gnnz_A(14,10,19) = 6;
gnnz_A(15,11,19) = 45;
gnnz_A(16,12,19) = 60;
gnnz_A(17,14,19) = 13;
gnnz_A(18,15,19) = 32;
gnnz_A(3,1,20) = 5;
gnnz_A(4,2,20) = 7;
gnnz_A(6,3,20) = 10;
gnnz_A(7,4,20) = 31;
gnnz_A(8,5,20) = 19;
gnnz_A(10,6,20) = 6;
gnnz_A(11,7,20) = 42;
gnnz_A(12,8,20) = 60;
gnnz_A(13,9,20) = 19;
gnnz_A(14,11,20) = 19;
gnnz_A(15,12,20) = 58;
gnnz_A(16,13,20) = 44;
gnnz_A(17,15,20) = 19;
gnnz_A(18,16,20) = 31;
gnnz_A(4,1,21) = 136;
gnnz_A(5,2,21) = 84;
gnnz_A(7,3,21) = 450;
gnnz_A(8,4,21) = 1098;
gnnz_A(9,5,21) = 156;
gnnz_A(11,6,21) = 398;
gnnz_A(12,7,21) = 2166;
gnnz_A(13,8,21) = 1380;
gnnz_A(14,10,21) = 78;
gnnz_A(15,11,21) = 1308;
gnnz_A(16,12,21) = 2186;
gnnz_A(17,14,21) = 156;
gnnz_A(18,15,21) = 1046;
gnnz_A(3,1,22) = 55;
gnnz_A(4,2,22) = 161;
gnnz_A(6,3,22) = 110;
gnnz_A(7,4,22) = 1043;
gnnz_A(8,5,22) = 598;
gnnz_A(10,6,22) = 60;
gnnz_A(11,7,22) = 1358;
gnnz_A(12,8,22) = 2314;
gnnz_A(13,9,22) = 502;
gnnz_A(14,11,22) = 476;
gnnz_A(15,12,22) = 2288;
gnnz_A(16,13,22) = 1436;
gnnz_A(17,15,22) = 572;
gnnz_A(18,16,22) = 1095;
gnnz_A(4,1,23) = 136;
gnnz_A(5,2,23) = 84;
gnnz_A(7,3,23) = 450;
gnnz_A(8,4,23) = 1098;
gnnz_A(9,5,23) = 156;
gnnz_A(11,6,23) = 398;
gnnz_A(12,7,23) = 2166;
gnnz_A(13,8,23) = 1380;
gnnz_A(14,10,23) = 78;
gnnz_A(15,11,23) = 1308;
gnnz_A(16,12,23) = 2186;
gnnz_A(17,14,23) = 156;
gnnz_A(18,15,23) = 1046;
gnnz_A(3,1,24) = 55;
gnnz_A(4,2,24) = 161;
gnnz_A(6,3,24) = 110;
gnnz_A(7,4,24) = 1043;
gnnz_A(8,5,24) = 598;
gnnz_A(10,6,24) = 60;
gnnz_A(11,7,24) = 1358;
gnnz_A(12,8,24) = 2314;
gnnz_A(13,9,24) = 502;
gnnz_A(14,11,24) = 476;
gnnz_A(15,12,24) = 2288;
gnnz_A(16,13,24) = 1436;
gnnz_A(17,15,24) = 572;
gnnz_A(18,16,24) = 1095;
